688114
002899
600583
600151
002413
600526
688575
300278
603730
601512
300897
603320
603042
002797
000410
603716
603966
601168
000518
600582
300642
000776
601601
002100
301096
000927
836270
831278
300326
002701
688448
605117
600963
600103
000892
688569
600482
000905
300698
600419
603439
300623
300315
603226
603076
600838
002967
601607
000004
300434
300155
603838
601995
600255
600241
688499
002302
600824
600302
688373
002692
000564
002669
300272
300388
000848
688222
600095
002421
603458
301088
300520
300664
002694
300239
603669
300039
301220
833533
601566
000972
300876
002365
600742
603101
300128
000581
002095
002432
600958
600157
002058
002830
003031
601528
600166
000898
605089
600563
600196
600031
002939
603288
601990
002373
688013
002592
603989
603868
688016
603096
300997
002390
301278
603918
603408
002641
300416
300781
000796
600744
688238
603496
300715
002228
601866
603908
603040
601588
600185
000413
601968
000893
300288
300497
603615
300006
600726
600439
603517
300881
600372
301090
603150
688819
003015
300045
300076
603393
601010
002247
300441
000088
002064
688038
002776
600682
871553
300935
301057
603238
600724
300221
002734
600231
603698
002219
002293
003012
300583
603898
688585
600199
600821
002427
600663
836263
831834
600655
300002
000153
688106
002927
600187
300300
002493
002739
603121
600035
002017
600843
300608
836433
688030
300893
002639
603519
600500
002426
002226
300528
300838
603313
000019
300074
002381
002423
600284
002187
603113
002577
300428
300370
002507
300306
688767
605033
000548
300557
601928
600017
002066
688173
300694
688062
601233
300931
300342
688366
300797
301289
603323
600409
301185
300419
600415
603797
300246
002163
600712
600649
603183
601801
600835
300636
600783
300569
300357
688027
002401
301276
600606
301058
603895
002270
300347
600565
603269
300657
838670
688116
603167
000038
688656
605296
300250
600828
600119
603767
600455
002251
688356
002663
603587
301028
301060
300776
603201
600283
300424
600601
600249
300808
688553
300971
600022
300407
688159
603160
000778
600834
300268
300121
600332
600831
300279
688286
300212
300389
601900
300341
002101
000554
000987
600380
688213
603818
839725
300034
603360
601999
300333
002712
002519
300880
600995
688679
300555
603817
688288
002806
002205
605300
601500
300637
301308
300455
002583
688297
000650
600368
600106
605258
001331
301021
002466
688246
300422
688528
600868
600839
600643
600088
603679
003035
000967
002151
301056
603685
300253
300008
300993
301195
002222
600149
002788
603106
603117
300254
300289
002569
603928
002253
002144
002040
300462
300517
002841
000627
600661
603027
688392
002799
600229
002670
600433
300612
002246
000966
600080
603886
001313
600337
600133
002787
603980
600366
002523
688184
002457
600449
600569
605050
601696
000910
000801
000561
603808
688236
002656
002060
603071
600639
002419
002323
000669
002747
000426
300007
688230
002042
603608
002660
000698
002811
600645
300889
002558
603556
300413
002537
002382
603505
002590
000504
600073
688289
300597
603630
688558
601126
300284
002900
600743
301083
300607
000155
600408
300494
300527
605020
601279
000711
605098
688047
603876
301110
000507
600530
600811
600078
000901
300451
603213
603866
002983
000591
301216
300141
688257
835305
000027
300210
600120
300287
300964
603708
002953
603013
300273
002075
000559
301302
688336
002668
000731
002696
600587
601518
600173
001205
603699
300418
002431
832419
688226
002230
600300
600425
601162
600740
002273
000652
600874
300158
002869
300046
300550
000709
000969
688517
601595
603499
600675
002549
301129
300549
300157
605339
000785
834062
300294
300452
300453
300526
600535
603959
002400
000915
300968
601002
300467
002945
000063
000011
600776
600279
600108
300969
000952
600395
301259
600775
600855
603220
002588
300788
300560
600081
688701
601116
600766
002534
601717
300291
003017
002515
301178
300383
000959
300501
688689
603357
002294
600100
000676
688533
600763
300739
603079
300169
002611
300132
002051
600098
002369
603163
603181
688322
300339
600262
600525
603278
300502
600699
000666
601236
830946
600575
000517
688199
000751
300433
600488
002463
688098
600319
002785
000523
688115
600660
300427
688049
603012
603000
000031
300399
300738
600650
688221
000677
002124
873169
603311
600467
600171
300379
600597
000050
300275
688061
688001
002901
688387
601258
600651
600261
300265
002501
002318
601608
002462
300200
002190
300053
688606
000589
603611
002563
600778
600307
300693
300757
002915
603067
002019
300667
002681
002398
688091
601600
600429
603488
002741
605122
600316
002010