600847
603338
600104
300878
300850
600064
300639
000885
301091
688167
688217
600901
002259
000156
002052
688777
301047
600648
603444
688737
002500
600226
600560
603899
002268
688318
002779
688313
603063
300951
300237
300238
600023
688118
300426
600361
603915
688301
002261
688177
688786
600704
603811
002789
600350
002438
605177
600616
301327
300765
002750
600918
430489
002958
430564
688101
600664
600020
605001
300142
300401
835185
603909
300743
002356
002526
301042
600030
600094
600012
000430
300619
603028
601877
688117
601336
688428
000949
601208
603059
300802
601012
600568
300194
688078
600252
600759
000582
300588
600084
600486
830799
688056
300848
603613
600908
601669
000838
600266
000880
603533
831832
603648
000758
000598
300146
600698
603187
600750
300559
002582
002949
000997
000725
688350
300095
300245
600039
300154
603703
603060
300983
600754
688083
601326
300138
605577
603168
002154
600026
300561
002391
000685
430510
300386
000488
002649
688200
688009
600177
600109
603991
002760
688303
688538
002133
603122
601019
600018
603348
300723
601187
600559
002940
600496
300348
600160
600971
002158
601929
600162
002697
600728
600352
600277
605166
002677
600818
688305
000420
600052
603880
600507
688029
603636
688396
603833
001309
002667
603367
300168
600288
688192
600732
688571
300124
870299
000779
301168
600048
002690
600635
600461
300663
605081
002032
600019
000546
833873
603655
688556
600118
002176
603590
835892
000423
600398
000552
688598
600125
002029
600867
000768
600498
601106
002102
300717
600391
605303
605138
600857
300255
603219
839946
688206
832225
688383
688092
603687
300772
001872
002104
688520
000783
600469
600025
688579
836675
002738
600850
601319
300149
301108
002078
600600
600928
002847
688662
000001
603328
600410
430090
600694
300686
002948
600637
002872
300721
603999
600604
600122
000882
002595
002004
688017
600833
002408
002868
688639
000688
601628
601318
600706
688018
003000
600967
300751
002503
002881
300166
603159
600325
002397
600289
600168
688279
002465
002581
603228
002495
002417
600060
300085
003019
300004
000791
603195
688099
601216
601377
300670
600879
688355
002913
603301
688225
300655
600576
601228
688363
002557
600518
300999
600688
603869
603660
688068
688526
600521
603118
300578
000026
688108
603881
002731
002006
002932
600727
603388
836077
688382
601918
600681
002839
688052
300447
430476
688073
300565
688567
301169
603355
603233
605499
603662
002609
688398
002737
002128
002508
300959
605099
688271
688266
300680
600362
002437
000617
301266
000971
601618
000415
000017
688339
605179
300973
688309
000802
000869
688683
300687
688799
600579
300345
601921
300493
002471
000036
600329
600399
601177
002440
688399
002673
300042
605086
002774
601933
002625
600981
000597
002870
002254
838275
688215
603665
688393
000623
002265
002424
601000
300009
002461
600137
688616
002654
600829
000938
002436
600851
000622
603883
002717
603528
603855
002504
002081
000028
300387
600865
000417
300814
600968
603536
600153
601766
600189
835207
002399
603111
000528
300762
600916
688227
603322
838030
000563
601860
300005
300167
300360
600036
601568
603619
000750
002497
001332
300900
601949
600066
003004
002732
605377
600807
600320
300810
300778
600906
601579
688685
605128
001213
300796
600345
600959
600248
300605
002404
001965
601698
603180
688700
300678
300938
688247
605066
600777
002098
688370
002950
600566
300083
002001
600969
600611
000727
002311
000875
000048
301273
603757
300371
301006
600804
300346
603629
603993
300634
832885
300615
300092
600523
688186
603515
002698
002880
603579
601375
600895
002214
300133
300481
688381
300498
688220
002921
600059
603598
688358
300332
000790
301075
002773
600321
300316
605319
300192
688081
002922
600894
003003
300190
603992
605398
601107
300047
603053
605196
600713
600697
002067
601198
600826
000100
002178
603300
002905
002452
002376
300365
300448
000903
603888
603815
600083
002252
301080
000739
301109
301233
688046
603236
688130
000950
601992
002599
603602
601118
002011
603056
600516
601858
603856
600220
002807
002812
301055
301019
600182
600282
600983
300837
000981
002929
605005
603031
601598
605116
300349
600647
600421
002620
002281
603089
600827
603203
605009
000819
300191
000608
300537
603607
002674
000536
600956
600552
600718
600531
600905
600373
300485
300274
600519
000823
603559
300898
601366
002192
600527
300851
000066
000989
605003
001203
002451
600513
301193
000005
832171
688100
601800
601117
002538
002485
002755
688590
603337
603365
688311
002627
600720
300208
603018
300793
002883
600557
605088
300248