600858
688261
603701
600938
600509
600054
301328
002223
002368
002833
000055
832089
301067
003040
603456
603683
300857
601816
603006
603339
601998
300724
000883
605388
600998
600803
601069
003037
600731
300231
301076
600105
601077
688561
300699
600000
300633
002327
600738
688669
601898
002829
300314
603871
688197
838924
601188
835179
000034
300229
603688
601818
002366
300763
603218
601668
831167
300135
832735
603039
833346
688337
688697
688508
002487
300820
000023
605266
688223
600862
000668
834475
600589
688235
688066
002186
601169
001339
301085
002353
000738
838163
603806
603610
002433
688776
600997
000729
688251
688599
000538
601111
301068
688071
002319
000809
600846
688168
839729
605255
837092
600416
300596
000980
688139
300792
603777
603138
871396
688516
301095
688391
301030
600377
833509
600547
603158
002380
000596
002072
601666
835640
601108
300609
002657
301227
300016
300369
000651
600741
600138
688268
688161
601665
002177
835184
688536
603722
688058
601878
300144
688687
601857
603816
002322
600685
603589
300516
871857
002149
600598
301101
430047
300356
300054
300308
600760
835508
300770
688196
000888
002111
871981
000532
002978
600749
300298
300675
836892
605008
600016
002986
600009
601888
000089
688711
688338
300017
301282
002803
002412
000931
601615
601825
688369
601028
688113
688661
000429
605259
301206
831305
601163
688202
834765
688212
603368
871245
300652
830832
603595
600620
831010
300065
603421
002244
603998
601728
300542
300519
300486
600548
833427
600015
688577
688097
002729
600859
600403
873223
603011
601101
600702
688269
601872
002021
301138
601901
300811
002152
300515
600033
000937
300380
600999
603102
000995
600008
300709
002086
002439
600309
833819
837344
605566
600446
603667
601956
002116
002793
601989
301111
688698
002559
601200
600191
688041
603650
688385
600186
002506
600837
834639
600489
600050
603658
603110
002211
830839
601633
603356
603887
600208
301106
600150
600729
002840
002030
600358
002546
300196
603215
688325
001228
836260
833266
600654
300682
601229
688234
833454
831726
603223
300145
603358
600790
871970
601880
603997
601166
300996
002707
600602
300705
601868
300015
300075
601369
832278
002309
000560
831961
002910
834415
688070
603882
002210
601138
002991
832000
300624
603737
002065
001336
871642
601211
000936
603779
600029
300130
300846
000567
002886
688677
301283
832145
300244
688557
872925
601965
600370
688529
300359
603318
831370
601066
688300
300760
002275
688981
603003
300235
688378
600312
002237
300839
600278
688233
603083
601555
601186
003020
002287
300469
603331
832491
002349
600131
600572
301279
688166
688589
603369
688611
300567
300777
688002
002596
832566
831039
603826
300181
600765
300645
603308
688163
600900
688112
603306
300305
300690
003816
002022
600593
688578
002335
300236
002560
601390
600356
601963
000610
300941
300627
300871
000933
000719
002659
000557
000166
002338
002316
002430
600422
603681
601333
001979
830964
605222
600578
300509
836395
300036
600789
300171
002200
603303
002726
600941
600256
603016
601899
688722
688513
688103
688586
300530
600511
600115
002758
836871
002474
002716
688026
300302
600871
002542
600436
301102
600973
300136
300859
002117
000513
300096
300489
300188
000831
688193
603209
300939
600305
300470
300232
600378
603506
603272
002059
600756
688505
002858
002361
603690
600258
003025
002790
301316
603939
300492
301285
603529
002416
000705
834682
605305
600612
002936
600875
603019
002736
688259
601158
688566
300271
000682
300647
601577
600893
605507
001283
600176
834599
002603
600897
600217
603128
600161
003010
300629
688138
600977
600061
002531
688329
300896
600608
002960
601916
002035
000157
001288
833580
300320
002159
600719
600280
601139
002410
831768
601688
430198
835174
601985
600508
688501
300553
601298
001270
688019
600369
600007
300122
600690
605368
600886
300442
300311
601908
600927
002099
000919
000555
301005
600396
301309
601519
301103
000963
300725
301031
600674
600269
301086
002180
002630
600459
600628
688787
834021
002536
605058
603132
002271
001219
688085
601997
300114
688403
000978
000425
600271
002221
601919
300849
002422
600679
002345
600170
837821
600265
002938
000547
600387
600797
000158
300780
000661
600276
603029
600861
002195
430685
002352
603813
000913
300285
600594
002303
600101
300661
601018
601006
002122
000616
601231
603216
002530
600221
002491
301073
605186
002235
603098
688459
600420
300293
688728
600435
300061
688065
002691
002395
688658
603230
600774
601727
000721
688676
688425
603191
300363
000525
836149
300174
300805
603305
002317