300102
300013
300510
688067
300722
300843
000767
688090
688216
300234
002355
000008
601952
300415
603967
300907
603188
600782
603048
688466
688668
603557
600355
300817
300220
002543
000526
603839
600130
300205
002386
600792
002965
300215
600303
002089
603776
300649
000890
300018
000759
000732
002651
002063
002600
603657
300872
300283
300010
000059
000697
600203
601015
688148
300644
600335
300513
002156
002378
301238
002069
000836
000973
603095
002988
000514
300204
301239
600610
002616
601718
300945
300500
600658
600657
600382
605288
688788
688335
300748
603790
601686
300836
000509
000573
002891
000920
002290
605162
002862
002502
003021
600962
300726
000852
688678
300107
300677
300043
001218
301137
300106
301268
603088
300226
300807
601606
603256
600062
600011
002118
836826
002357
300033
002856
603979
300543
000099
300581
301025
002375
603319
000407
002289
002879
603486
603758
300963
002470
000519
300049
300563
301098
300507
300590
300127
600338
600819
300943
301363
688609
688395
301062
002076
000584
300139
002479
300304
300397
600975
600353
300767
000797
603345
003027
300521
002351
300885
300403
603085
600032
688390
002343
300261
000068
300786
600301
001266
688119
600883
000558
000301
002587
300444
600272
300297
002980
300385
002615
301040
002946
300847
688663
600139
300375
002384
300835
301065
600235
600448
300853
835985
300199
301092
688298
002713
300478
300564
300594
688319
600662
688519
600770
300295
002130
002911
688455
300025
600965
002039
688127
301257
600970
002385
301167
002688
002337
002655
301152
301043
601212
600844
600477
002554
002053
001319
301082
300978
600381
301049
600836
002624
300449
301182
002766
600502
002344
600111
688560
000810
002015
600499
002802
301150
603283
600961
301218
002893
600638
600058
301188
600898
600693
688258
000422
600323
300313
002115
600929
000701
600982
688511
600580
300209
300331
301120
603676
002346
600773
002239
002396
300787
002496
300118
300809
000707
688105
600588
300373
000626
300947
300922
300446
603069
600053
002183
300058
688588
002665
603507
603161
300868
600830
605199
002255
300252
603041
000686
300727
603186
300080
002055
000723
002551
002037
600581
300681
300301
603170
002160
300716
002835
300545
300140
300222
300120
300031
600501
605598
002825
688626
600737
300844
300337
002091
002985
603810
001229
688619
603399
002539
301066
603025
300949
603068
301078
603268
300867
301063
688601
688655
600490
300280
688255
603277
300307
688039
300394
605056
601969
001317
002262
300933
301229
300783
000911
301128
300097
002652
000037
603822
605178
836239
300113
300538
300503
301116
603501
002389
603628
605006
300930
301190
002026
600986
600683
600070
603612
300668
301133
688183
300299
301198
301366
605133
300011
000593
301017
002258
000531
002330
002602
000009
300471
000625
300089
688681
300225
600367
601777
300894
300821
300753
300641
003039
603009
603600
000056
301197
300884
603133
301181
002801
600703
301180
300684
300084
002638
002189
300483
838971
688096
301306
000712
300324
300266
300518
688229
300932
600077
600230
300351
600327
300879
600071
603070
000501
600917
603066
603326
000799
300344
002425
000993
301069
003038
300905
600340
688153
603586
300625
603566
603192
300259
300866
002761
300366
603535
000925
002498
000922
002931
603617
603596
600667
301331
002094
000012
600096
002878
002634
605011
688131
603893
603037
301187
300852
301052
603139
301179
300228
300982
002114
000680
002646
300818
688057
002647
002140
603239
300710
301163
300803
002715
688380
300224
300919
300198
300823
002997
688191
002941
300635
002444
000656
300929
300103
688273
603829
603917
000510
002047
301215
600405
600006
601360
603755
000717
300840
688160
301298
301002
600354
000863
603516
000042
603877
301136
002348
002387
000868
600884
600641
300648
002478
301226
603166
300062
002202
002851
300828
600537
600444
601311
600716
605028
300865
600810
603809
600392
002206
002455
000615
300123
002292
301135
301207
688129
300317
603097
600021
002570
300066
301336
300044
002283
000756
000692
301013
300409
000601
000918
300798
002218
000985
300584
688331
601865
603897
000970
603389
603126
002752
000635
603583
603916
002897
002312
603520
002579
002860
000020
000792
600127
688349
000503
300903
002481
301008
600107
688060
002617
300921
603058
600116
002341
601886
688195
000825
000060
300098
000826
688158
002299
300926
600540
301026
603261
603843
601086
301175
002594
000655
600148
000629
300585
300001
300599
603638
688386
600686
688778
301001
301036
600359
300908
601702
603299
601238
000996
300495
000637
603530
603351
600216
603017
300117
002112