300193
600808
002315
600228
000002
300180
001330
002393
300436
300423
300472
300831
300321
003026
600462
300692
000965
000728
000090
605155
300020
000795
002097
600343
002044
605580
600179
603718
600219
301200
000404
688252
600567
600573
300358
002041
000757
600222
002963
601616
600497
600475
600619
603801
605500
301312
605268
600476
600290
300522
000793
600993
600812
002266
301339
688125
600246
603686
600390
300335
000630
300676
002820
300055
002332
002937
688595
688211
600076
600167
002358
000818
603045
688766
600510
870204
600010
002919
300030
600051
300012
601156
688367
601881
603156
601368
601005
300088
000958
600621
600722
300654
300540
603903
600761
002298
000151
300861
002263
688178
688418
002023
300711
000766
300989
603518
301050
600779
002666
300685
600708
002632
002103
837212
688011
300669
002933
605365
000908
300035
002046
688597
603733
688169
002584
603990
600705
600596
600515
688310
603297
603958
600551
603706
601099
300665
603677
600577
002968
688400
688175
300079
300213
603258
000889
002028
600529
300827
601399
601330
603359
300404
300078
600848
688088
600452
600888
603020
600989
600936
600853
300185
300110
002607
300918
603087
000851
603222
300702
002865
688256
300532
003023
301039
301125
300070
002320
603033
300925
002705
000070
688521
001227
603729
603803
605228
300414
301107
603983
603221
301037
002418
300164
600308
601966
603933
600599
301100
600794
300499
000058
688365
300643
600717
600243
000402
688079
601975
002956
002511
603189
002719
002008
603970
600710
603659
002392
605389
000543
002895
603129
002877
601179
002224
603379
300281
002586
301296
002340
002832
002817
002394
605358
000016
000506
300673
002184
600135
688004
002947
603500
603131
600684
300650
002521
002194
603035
301201
688136
002173
002648
301115
002890
002827
002857
603678
300701
603508
600126
002645
600590
000803
002467
605298
600495
300277
300355
002250
603616
300536
603700
000807
600512
300466
605286
603105
002676
688059
603165
603002
000932
001215
600725
002256
300895
300888
002088
300330
300187
688033
001210
002984
300773
603707
002038
002106
002233
301333
603551
300051
688069
300126
002650
600099
002601
603656
002217
000895
002429
603861
600533
600933
002544
000777
301061
000096
688299
301258
603759
000951
002714
603136
601789
301009
300197
002238
000828
000735
002723
002772
601058
301177
601827
301132
300071
688699
002213
000516
600155
300116
002013
300953
601021
301248
605069
002908
603663
600798
600114
600825
600200
688800
002061
600236
300368
600351
002119
300112
603108
300056
300381
300535
603863
600623
000862
603366
300111
300063
000816
002930
301127
300270
600438
301236
002970
300976
601619
600653
300310
601609
600117
000338
601567
300100
003041
600239
603867
600571
000897
600346
300353
002036
300749
300991
000876
688155
600113
300329
300957
300019
002096
603466
600795
300862
601456
002185
002007
300463
300376
603093
603639
600389
600823
002153
300408
688051
300251
603200
300475
603386
600939
300640
002685
688020
002212
600143
000607
600295
300617
300558
688093
002976
002769
301286
600178
002362
300863
603229
600860
002574
001209
688296
688109
001289
300688
002236
000753
688110
300439
688272
002277
605055
600183
600678
000603
601890
600626
600225
300683
002406
688518
688607
001696
300556
000977
600733
002725
300946
300551
688680
600784
002313
688500
300162
600136
000021
601611
603211
603005
603696
600882
000409
600751
002722
600460
600800
002675
600880
301161
600768
600406
300147
601137
603577
600297
605068
603182
603387
002405
603380
300296
002990
300183
002671
002203
600721
002889
688332
300508
300148
688165
000999
688416
600785
002272
301166
002695
603555
600360
000762
600478
605588
300086
688181
000550
002672
300173
603668
300740
300923
301041
603738
603950
002300
600038
603739
002702
600881
300732
002135
000639
835368
300175
605589
600056
001211
002370
600190
835670
000955
603377
300059
002633
600298
603235
300487
002456
600715
300081
300027
300354
688028
300700
300480
002085
603713
605287
600979
300393
300901
688150
603727
002129
000533
300613
002161
300223
002555
002310
000039
300165
002232
300115
688510
301151
839790
600854
300179
000333
002920
001206
300137
603316
600863
000416
603919
002083
301000
600273
002510
300834
300421
603661
600383
000713
688089
600714
002775
600233
600201
603212
600642
301032
000014
688055
688036
688665
000788
600764
603926
603179
600184
000683
600468
603568
002700
688389
301089
603103
601996
600251
300243
002909
603689
601798
600748
300267
300736
002942
002898
600543
300240
001268
002483
001236
300099
688086
600640