688152
300546
300573
300512
300864
688185
300514
688276
000953
000815
000670
600613
002757
603232
601007
002873
603955
003007
002995
002209
001300
603726
601699
002845
001238
001259
603929
600814
603022
839680
002279
000530
002347
688190
300176
300841
002541
603279
300672
688551
688228
688107
002107
002606
688636
001269
831152
002912
301153
002907
002959
300203
000921
601038
000722
000886
600988
688618
603383
688023
300249
603315
600877
603800
688600
002566
688789
300950
000606
000032
603392
000029
688368
002411
603199
000690
002372
603606
603963
688283
301155
605289
603931
688608
300747
002640
300352
002388
300392
600767
300756
002048
301148
300230
300323
688123
688203
688270
600546
002972
603927
603171
688278
688082
301330
002864
000948
300593
688208
688262
603196
002049
688180
688037
301186
002486
002987
688179
301369
300159
300759
002614
603960
603198
002572
600306
688659
603912
000529
601788
300730
002109
601001
002831
002155
688072
300662
600570
301029
601020
688439
600636
300858
300364
002644
300659
603766
000590
688133
601808
300377
300860
300598
300720
688201
300077
002142
688188
000975
300262
300833
600520
301171
002791
002969
002568
300456
603901
600780
301222
002742
000534
600809
300003
300525
300445
300604
688596
300395
688281
003043
002658
300576
003029
600820
688351
002819
300206
002805
600057
300454
003042
688126
688012
002928
605108
002553
603100
603290
603605
002733
300799
300674
688187
688282
600376
603208
000524
600037
688122
002304
002025
603317
300603
002291
601869
001255
301099
002179
601009
688237
002778
600123
600976
600487
300256
601128
601225
301269
000839
300506
600285
301011
300910
000733
300534
600892
300541
300391
600866
000821
301212
601008
300443
300768
600584
300579
603099
300468
002371
605599
000586
688375
300479
300616
688320
688326
601988
688053
688111
002887
603922
002957
600615
605188
002981
300129
300614
300628
000007
000917
600536
300855
002999
300153
002139
603798
300689
603680
000900
600388
600121
300400
688315
601100
688032
688377
603969
000638
688239
603081
002727
600004
688682
301018
688293
600734
600845
000568
833943
002409
603858
605018
605060
688244
689009
003030
000659
002540
688409
603712
300101
600816
600336
601098
002849
601089
688401
688231
600666
002379
000806
002459
002767
002301
000049
002966
600538
002992
000983
600210
300832
002446
600491
600480
300869
836720
002843
837242
688617
002198
002443
300242
430418
603728
002821
688456
600522
688295
603078
300706
000858
300782
688198
688003
600696
003032
688156
002955
300622
688120
300601
002014
600188
688157
688267
601328
603890
688008
600132
300582
300666
601838
605077
301191
688628
605336
603599
001323
002875
300465
603353
601088
300587
688625
300575
688265
688768
831856
831689
688621
688568
688432
688419
688362
605218
603996
603280
603157
603130
601939
601658
601558
601398
601299
601288
601268
601199
600991
600987
600978
600926
600899
600896
600891
600890
600878
600870
600856
600852
600849
600842
600840
600832
600813
600806
600799
600788
600786
600772
600762
600752
600747
600723
600709
600701
600700
600695
600687
600680
600677
600672
600670
600669
600665
600659
600656
600652
600646
600634
600632
600631
600627
600625
600614
600607
600591
600555
600553
600485
600472
600432
600426
600401
600385
600357
600317
600296
600291
600286
600275
600270
600263
600253
600247
600240
600209
600205
600181
600175
600146
600145
600110
600102
600093
600092
600091
600090
600087
600086
600074
600069
600068
600065
600028
600005
600003
600002
600001
430139
301396
301389
301388
301379
301367
301361
301359
301356
301277
301267
301230
301117
300531
300431
300406
300372
300367
300362
300340
300325
300312
300290
300282
300216
300202
300201
300186
300178
300156
300104
300090
300064
300038
300028
300023
003005
002826
002770
002728
002711
002684
002680
002678
002619
002618
002604
002509
002477
002473
002464
002450
002447
002359
002288
002260
002220
002147
002143
002113
002071
002070
002018
001338
001333
001299
001298
000979
000956
000939
000916
000866
000835
000832
000827
000817
000805
000787
000780
000769
000765
000763
000760
000748
000730
000699
000693
000689
000687
000675
000673
000662
000660
000658
000653
000621
000618
000613
000611
000602
000594
000588
000585
000583
000578
000569
000562
000556
000549
000542
000535
000527
000522
000521
000515
000511
000508
000502
000428
000418
000412
000406
000405
000047
000033
000024
000018
000015
000013
000003
603324
600211
300260
688690
603298
002033
688333
002552
603259
600919
603985
688348
688302
603336
300474
688357
600193
688035
600532