300069
300041
002935
002325
600333
300134
300068
002780
002166
605090
300464
603385
001316
002848
601222
002547
000833
688280
688005
301176
603511
002297
300985
000798
688371
600339
002108
000520
300450
301217
603987
301053
000678
000877
300977
002836
688328
001296
300219
301183
300437
300995
002201
002753
002342
300733
300610
300539
300917
688468
002626
000899
002608
603289
603978
002402
300632
001896
300429
600745
300791
002056
603666
603330
605167
603036
002120
600746
002816
000636
300606
002188
300758
300473
002622
001234
301131
605366
301027
603719
002121
300161
300552
002132
688176
000537
002612
603836
603565
600595
300343
002090
600313
002918
688077
688207
002328
002162
300845
002629
002141
300815
300430
300207
002264
603008
301020
603949
300247
000632
603968
300960
002813
002917
002527
002545
000789
600692
002454
603697
300752
300979
300029
000025
300152
002208
002575
603527
603030
301012
688622
600996
301349
002484
600215
002576
300580
300928
688260
002876
002084
600213
600691
300040
000990
603860
002472
000820
002199
001226
002148
300750
300745
688205
002800
300396
688151
300554
600172
301300
603309
000957
600268
000619
300618
301321
603050
603015
002708
600787
300703
002045
002249
300975
300477
601811
301113
600769
301087
002305
603825
000612
301010
300384
600873
300182
600585
000679
002808
300189
300592
000695
002943
300217
300994
600287
603787
301228
600328
301219
002786
002215
300660
301024
688121
300595
000837
002170
000755
002031
603956
600711
002225
300087
002284
603115
300829
300571
002529
300691
300712
300547
600985
300892
605198
688559
300496
601677
301237
000539
600428
603255
300309
000576
300998
002168
688345
002533
600753
301072
300591
688667
688330
301051
301263
002989
000006
003033
603976
000633
688137
000544
300233
000737
601882
300940
002746
603043
870436
603077
601011
002718
605299
002193
300774
300902
003011
001201
002792
300160
603151
300390
002871
300611
002003
300887
002191
000736
000929
300735
301007
300257
300490
300412
002783
688379
000595
688317
688162
000935
605136
300942
600458
002524
603396
688287
603327
688218
002204
000035
300769
300638
300912
002693
002973
600322
688793
002453
603266
600539
838402
003013
688021
600371
301380
301016
000856
002169
002245
300568
603477
000553
002996
300842
603936
603052
002012
301299
600618
002074
301059
601636
300476
688087
603206
601388
002642
301093
603169
002782
301149
300511
002339
002838
002145
600067
000671
300482
301270
300719
002513
603032
003022
603859
603717
603286
002165
000545
002842
002749
001202
002682
300731
300854
300992
603937
600630
002837
600909
600822
603363
001212
301205
002489
605183
300151
000912
688170
688696
601689
605151
002073
003028
002762
002925
002350
301121
002068
000605
002571
600876
000672
002765
688488
002414
688555
002892
301221
301097
301033
300761
301223
000813
002748
688408
300170
600418
605007
000702
605169
301122
300890
301199
300967
002562
002150
002882
300322
600163
002488
300729
002724
300920
002756
603429
300741
002706
002517
000565
600027
000421
300052
300125
002689
000540
000812
300108
002662
601700
688359
002043
002565
002564
300566
002458
002613
600212
002623
301035
600801
300621
002480
300877
002428
300505
605399
300014
000998
300886
300819
002125
000782
603155
002703
002532
002274
300891
300707
688048
837046
002853
603178
002823
002009
300378
600644
688388
603609
000663
601339
002286
000761
603185
603982
688022
001222
300830
000631
002326
300970
603618
603260
603227
603055
300105
002518
688025
000960
000065
300586
600299
002110
002643
688063
300822
600129
003001
300328
002157
300988
001267
002364
300570
300984
873527
300990
002333
600165
000062
605338
000909
300338
603109
002034
300816
600082
600503
603489
831445
603693
301319
002528
300438
000887
002334
002828
002080
300785
002441
002759
600549
002363
002196
688372
002448
603329
002795
300263
603585
002093
688707
001322
600757
002796
002197
002505
002082
001207
002863
000923
688132
002490
603021
000498
605158
000541
600872
002556
002822
002331
600400
002234
002137
002329
002126
002771
600605
002591
603217
002276
002057
002866
603416
002777
600085
603057
600992
600293
600223
002982
002810
002637
002514
002296
002248
002407
603051
002952
002598
002241
003002
000988
600771
002585
600887
002182
600550
002171
605208
002231
601991
600869
000906
601226
600180
600152
003006
002442
002469
002520
600192
300082
300072
688006
300037
839167
300258
301004
300093
301118
688080
688290
688550
688232
688095
688291
301046
688353
688670
300916
300856
300533
300771
688733
300529
688739