600805
002867
000570
002077
300227
300488
600622
002550
000718
688209
300577
300484
002267
600089
301162
300790
300870
688010
603819
603558
002146
002024
000551
000708
301081
000703
688050
300318
002278
603920
300936
002979
000159
300987
600331
600796
688779
301071
002435
300334
688248
603001
003016
300457
300523
300319
000572
002735
300909
002763
300653
600393
000403
002240
688128
001258
688102
300986
600676
605555
001308
000046
603633
688135
300630
300292
301015
600141
300504
600528
600206
600250
300962
301231
688509
300671
301139
300177
002367
300679
600169
301288
000571
603986
603569
300022
300402
603378
603885
603778
600227
002280
002628
002336
000928
000667
000078
000710
603788
300398
600481
000830
605016
002016
300600
002859
301045
605376
600063
301234
300789
688630
300303
001208
002861
002730
605189
300048
000860
600379
600517
002174
002721
002324
600558
600397
002926
601678
688686
688031
300825
300432
300336
002998
002636
000976
300927
688292
600735
300695
301189
605168
300264
002020
605318
002468
603799
002123
603127
002062
600318
300883
002383
002105
605118
300420
002768
688285
600781
300779
300651
002374
002360
002818
000657
603879
002683
300459
300956
600980
300718
002134
000700
600198
002709
873122
600739
605333
603889
601778
600128
603896
600707
300913
300562
603789
300737
002079
600755
300620
002522
001914
600197
300417
002054
003009
301158
603237
600493
002229
000926
600736
001230
301208
300163
000411
301160
300218
688306
603335
300184
605111
601515
001217
000715
600561
002884
301256
605100
002971
603116
603038
603086
600097
300143
300491
300461
002242
688219
000881
603709
603177
002605
002903
002679
600055
300966
000609
603588
688613
002127
000030
300755
603214
300746
000400
002243
600330
600633
000786
600386
300873
301038
301196
300131
002923
301211
301326
300980
603900
300021
600730
601828
600158
603725
600966
688075
300882
600556
002175
600257
300269
002951
002475
603225
603090
002164
300955
603538
300050
002593
002512
300806
603721
600903
600159
002589
002561
300057
600990
002852
600889
002745
600758
000408
605080
301112
300094
002492
601113
300091
002597
688798
300965
300241
605378
301123
300276
002087
301003
300631
300150
000850
301338
300589
300708
600483
300032
002307
002846
600423
300801
600259
600592
000752
600603
603010
603637
688321
833523
301159
600315
002216
603267
605488
688323
600815
300656
600237
603023
002516
300405
301156
603848
300572
003036
300411
002961
000401
300906
688277
300775
603828
002850
603682
600072
688076
002092
605337
002282
300460
002902
000419
002403
688314
603786
688275
300410
002653
605180
000726
002138
002635
600817
002896
300172
002306
002002
600673
605277
600505
002172
600207
000010
300458
300214
601958
603578
301213
000691
688660
002580
300875
000968
300795
603112
000961
000566
600238
688565
002449
688308
002167
300327
002354
002476
000150
601068
600506
600267
600609
603390
600802
603332
002434
300382
300548
300697
300286
600671
003008
002499
002050
301235
600984
301077
688312
002573
000665
603626
603995
601155
301048
300961
300211
002687
002661
001318
000982
002975
688426
603906
600885
000045
002906
002751
600624
301318
000902
603333
002798
002308
300915
300824
300899
603197
605123
301209
000800
688633
002962
300911
600292
002460
300026
002578
002494
603321
301023
688015
600935
002993
600202
301022
002743
603711
000600
000720
002181
688210
688189
002621
600260
603176
301313
300813
002888
300742
600281
603398
688182
601218
002548
001216
601003
300195
002855
600841
603988
600793
600456
300374
003018
002809
688007
300109
600363
300958
300435
002377
603823
688580
301130
600195
002005
000878
838171
300658
600075
002631
301126
300826
603773
002027
000505
600479
002699
000040
300425
000716
000628
601799
002321
603938
002916
600079
688253
600689
000811
688316
600617
688718
000599
002295
601127
300972
600218
002535
000069
603567
002567
000930
300602
000061
603007
301079
600960
300952
002420
600232
300812
600955
600242
301192
002136
002445
000861
000822
603026
603601
601599
600466
600365
002482
600348
002415
600156
002740
000592
600326
300948
688360
600562
688045
300696
002207
600310
600463
601016
600864
300937
000681
002314
300440
603580
603123
300119
000620
603977
688327
300350
000962
605369
002227
600586
300713
002664
600470
002285
000859
000587
600668
600545
002686
002885
002781
002610
300073
002269
301119
603768
688772
600791
600629
600375
603603
000829
600112
600234
301070
002977
300800
300024
002815
002824
688171
300626
603878
300766
605567
603080
600311
300067
002131
001231
603948
300981